Callers	0-200	200-400	400-600	600-800	800-1000	1000-1200	1200-1400	1400-1600	1600-1800	1800-2000

ScanIndel	0.9891304 0.9866667 0.8941176 0.8673469 0.8045977 0.9411765 0.8333333 0.8902439 0.8181818 0.7794118

Pindel	0.9891304 1.0000000 0.9882353 0.9897959 0.9885057 1.0000000 0.9743590 0.9878049 0.9696970 0.9852941

FermiKit	0.7608696 0.8000000 0.6352941 0.6122449 0.5402299 0.6617647 0.5384615 0.5731707 0.5151515 0.5000000	
VarDict	1.00000000 0.90666667 0.01176471 NA NA NA NA NA NA NA

VarScan	0.173913 NA NA NA NA NA NA NA NA NA

