Callers	0-200	200-400	400-600	600-800	800-1000	1000-1200	1200-1400	1400-1600	1600-1800	1800-2000

ScanIndel	1.0000000 0.9736842 1.0000000 1.0000000 1.0000000 1.0000000 1.0000000 1.0000000 1.0000000 1.0000000

Pindel	0.9479167 1.0000000 0.9882353 1.0000000 1.0000000 1.0000000 0.9870130 0.9878049 1.0000000 1.0000000

FermiKit	0.9210526 1.0000000 1.0000000 1.0000000 1.0000000 1.0000000 1.0000000 1.0000000 1.0000000 1.0000000	
VarDict	0.9787234 0.9714286 1.0000000 NA NA NA NA NA NA NA

VarScan	0.9411765 NA NA NA NA NA NA NA NA NA

